[gd_scene load_steps=8 format=3 uid="uid://cxaecg535pl66"]

[ext_resource type="Script" uid="uid://4arywyyduxyu" path="res://Scenes/gameobjects/pipe_object.gd" id="1_a5l5m"]
[ext_resource type="PackedScene" uid="uid://drhl6si4hbbhi" path="res://Models/Pipe_Corner_Textured.fbx" id="2_a5l5m"]
[ext_resource type="PackedScene" uid="uid://bb4jwrfyps8vr" path="res://Scenes/gameobjects/clickable_sphere.tscn" id="3_8shu5"]
[ext_resource type="Script" uid="uid://csjccrhj5wnx7" path="res://addons/phantom_camera/scripts/phantom_camera/phantom_camera_3d.gd" id="4_xcbss"]
[ext_resource type="Script" uid="uid://8umksf8e80fw" path="res://addons/phantom_camera/scripts/resources/tween_resource.gd" id="5_fl1t8"]

[sub_resource type="SphereShape3D" id="SphereShape3D_4pmr7"]

[sub_resource type="Resource" id="Resource_bmeoy"]
script = ExtResource("5_fl1t8")

[node name="pipe_object" type="Area3D" node_paths=PackedStringArray("all_clickable_objs")]
script = ExtResource("1_a5l5m")
all_clickable_objs = [NodePath("clickable_sphere"), NodePath("clickable_sphere4"), NodePath("clickable_sphere2"), NodePath("clickable_sphere3")]

[node name="Pipe_Corner_Textured" parent="." instance=ExtResource("2_a5l5m")]
transform = Transform3D(1, 0, 0, 0, 1, 0, 0, 0, 1, 0, -5, 0)

[node name="clickable_sphere" parent="." instance=ExtResource("3_8shu5")]
transform = Transform3D(-0.09780867, -5.2759828e-09, 0.9952052, 0.7844249, -0.6154139, 0.0770932, 0.6124633, 0.78820425, 0.060192835, 0.57628, 0.2615901, -2.519055)

[node name="clickable_sphere4" parent="." instance=ExtResource("3_8shu5")]
transform = Transform3D(0.39730805, 0, 0.9176853, 0, 1, 0, -0.9176853, 0, 0.39730805, 0.50680053, -2.388792, 0.11076391)

[node name="clickable_sphere2" parent="." instance=ExtResource("3_8shu5")]
transform = Transform3D(-0.56565803, 0, 0.8246399, 0, 1, 0, -0.8246399, 0, -0.56565803, 0.5726043, -3.2645383, -0.15212679)

[node name="clickable_sphere3" parent="." instance=ExtResource("3_8shu5")]
transform = Transform3D(-0.26661602, 0, 0.96380293, -0.7517075, 0.62585545, -0.20794424, -0.60320127, -0.77993923, -0.16686308, 0.5137173, -0.2999302, -3.0841634)

[node name="pipe_hitbox" type="CollisionShape3D" parent="."]
transform = Transform3D(10, 0, 0, 0, 10, 0, 0, 0, 10, 0, 0, 0)
shape = SubResource("SphereShape3D_4pmr7")

[node name="PhantomCamera3D" type="Node3D" parent="."]
transform = Transform3D(-4.371139e-08, 0, 1, 0, 1, 0, -1, 0, -4.371139e-08, 8.250439, 0, 0)
script = ExtResource("4_xcbss")
tween_resource = SubResource("Resource_bmeoy")
metadata/_custom_type_script = "uid://csjccrhj5wnx7"
