[gd_scene load_steps=8 format=3 uid="uid://cp20edr332l23"]

[ext_resource type="Script" uid="uid://4arywyyduxyu" path="res://Scenes/gameobjects/pipe_object.gd" id="1_do53y"]
[ext_resource type="PackedScene" uid="uid://bor8o01hbt6w5" path="res://Models/Pipe_Straight_Textured.fbx" id="2_do53y"]
[ext_resource type="PackedScene" uid="uid://bb4jwrfyps8vr" path="res://Scenes/gameobjects/clickable_sphere.tscn" id="3_hrg4b"]
[ext_resource type="Script" uid="uid://csjccrhj5wnx7" path="res://addons/phantom_camera/scripts/phantom_camera/phantom_camera_3d.gd" id="4_3f1la"]
[ext_resource type="Script" uid="uid://8umksf8e80fw" path="res://addons/phantom_camera/scripts/resources/tween_resource.gd" id="5_l48ic"]

[sub_resource type="SphereShape3D" id="SphereShape3D_4pmr7"]

[sub_resource type="Resource" id="Resource_bmeoy"]
script = ExtResource("5_l48ic")

[node name="pipe_object" type="Area3D" node_paths=PackedStringArray("all_clickable_objs")]
script = ExtResource("1_do53y")
all_clickable_objs = [NodePath("clickable_sphere"), NodePath("clickable_sphere4"), NodePath("clickable_sphere2"), NodePath("clickable_sphere3")]

[node name="Pipe_Straight_Textured" parent="." instance=ExtResource("2_do53y")]
transform = Transform3D(1, 0, 0, 0, -4.371139e-08, 1, 0, -1, -4.371139e-08, 0, -0.032678843, 5.001421)

[node name="clickable_sphere" parent="." instance=ExtResource("3_hrg4b")]
transform = Transform3D(0.5366305, 0.029200185, 0.8433117, -0.83790845, 0.13650456, 0.52846557, -0.09968468, -0.99020875, 0.09771963, 0.2752779, 0.3327461, -2.723136)

[node name="clickable_sphere4" parent="." instance=ExtResource("3_hrg4b")]
transform = Transform3D(0.72883445, -0.03422557, 0.6838339, -0.67442834, 0.13637838, 0.7256355, -0.11809548, -0.9900653, 0.076314576, 0.24246228, 0.34550464, 2.845682)

[node name="clickable_sphere2" parent="." instance=ExtResource("3_hrg4b")]
transform = Transform3D(-0.41756576, -3.9718202e-08, 0.9086466, -0.90864664, 1.8252374e-08, -0.41756567, -3.3780995e-15, -0.9999999, -4.371138e-08, 0.42884982, -0.20133507, 3.36187)

[node name="clickable_sphere3" parent="." instance=ExtResource("3_hrg4b")]
transform = Transform3D(-0.57668895, -3.571062e-08, 0.81696373, -0.81696373, 2.520787e-08, -0.5766888, 0, -0.9999999, -4.371138e-08, 0.5134407, -0.16553828, -0.85946155)

[node name="pipe_hitbox" type="CollisionShape3D" parent="."]
transform = Transform3D(10, 0, 0, 0, 10, 0, 0, 0, 10, 0, 0, 0)
shape = SubResource("SphereShape3D_4pmr7")

[node name="PhantomCamera3D" type="Node3D" parent="."]
transform = Transform3D(-4.371139e-08, 0, 1, 0, 1, 0, -1, 0, -4.371139e-08, 8.250439, 0, 0)
script = ExtResource("4_3f1la")
tween_resource = SubResource("Resource_bmeoy")
metadata/_custom_type_script = "uid://csjccrhj5wnx7"
